20001 277160 277161
20002 66828
20003 61043 65855
20004 154090
20005 161532
20006 66573 91816 191908 230844 265021 265022 265023
20007 199997
20008 61044
20009 153639 200127 200129 200130
20010 368073
20011 174692
20012 110453 266931
20013 166891 266937 266938 266939
20014 61045
20015 178057
20016 113474
20017 195312
20018 61046
20019 61047 79861 290919 290920 340159
20020 61048
20021 45158 47353 47354 61046 61049 61050 61051 61052 61053 61054 61055 61056 61057 62672 79348 94760 99752 127158 140354 141732 141733 144961 156774 173949 175039 200093 200244 200245 222587 255439 289245 290921 290922 290923 290924 290925 290926 290927 290929 290930 290931 290932 290933 290934 290935 300079 301205 305227 305228 305229 307914 316852 353942 371311 375363
20022 138591
20023 317524
20024 333279
20025 300678
20026 61058 109846 109847 162999 304440 304441
20027 143479
20028 118977
20029 290721 304026
20030 60450 61059 61060 61061 61062 123146 145460 172475 173007 284928 290936 292103 292688 309783 310001 338316 362165 365600 371566
20031 251035
20032 300340 300342
20033 263843 263844 263910
20034 107302
20035 61063 61064 61065 65510 70967 149976 291007 291008 291725 313844 331305 368833 370609
20036 61066
20037 290611 290612 296019 296020
20038 61067 61068 61069 61070 61071 61072 61073 61074 61075 61076 61077 61078 61079 61080 61081 61082 61083 61084 61085 61086 61087 61088 61089 61090 61091 61092 61093 61094 61095 61096 61097 61098 61099 61100 61101 61102 61103 61104 61105 61106 61107 61108 61110 61111 61112 61113 61114 61115 61116 61117 61118 61119 61120 61121 61122 61123 61124 61125 61126 61127 61128 65511 65512 71817 71827 71828 71829 71830 71920 71995 90377 90403 90949 91785 91786 91794 93027 102372 107286 109101 147178 162908 163000 182684 182744 191903 216328 216337 216340 216341 216342 216343 216344 216347 216348 216349 216357 216361 216362 216377 216733 216734 225818 230267 230270 232363 232364 263995 290937 290938 290939 292092 292095 300810 301044 308187 309177 309178 309180 330547 330575 331000 331867 332213 332214 332216 343095 363097 363132 363816 363817 365735 369552 369754 372335 372336 372337 372338 373271 373272 375945 379848 379849 387557
20039 159588
20040 61129 61130 61131 96870 110385 110386 189141 189142 381206
20041 256839
20042 216345
20043 127167
20044 143742
20045 69302
20046 173296 254672 254673
20047 61132
20048 83689
20049 344164
20050 345361
20051 344617
20052 46837
20053 61133
20054 282596 357603
20055 264930
20056 74186
20057 229960
20058 80137
20059 60583 61134 343090
20060 120376
20061 196052 345064
20062 61135
20063 166015
20064 175592
20065
20066 356796
20067 61136
20068 342503
20069 61137 61138 61139 61140 61141 61142
20070 263699
20071 337966
20072 337967 337968
20073 288645
20074 309517
20075 295967
20076 331724
20077 61143 61144 69902 69903 149588 149589 175593 257222 341338
20078 109003
20079 361176
20080 61145
20081 187210
20082 133433 334378 334379 340910
20083 282700
20084 86041
20085 391044 391098
20086 61146
20087 61147 61148
20088 61149
20089 343776
20090 61145
20091 61150
20092 197649
20093 61153 61154 61155 147990 152162 152249 202515 202517 246610 340912 340913 358110 375501 375518 388621 391044 391450
20094
20095 382053
20096 391043
20097 158946
20098 323707
20099 262391
20100 284420
20101 349166
20102 345296
20103 340967
20104 203283
20105 61445 61446 61447 155757
20106 62588
20107 301973
20108 257621
20109 114344 163734 221593 293926 294015
20110 153108
20111 61448
20112 61449
20113 315942
20114 71066
20115 144962
20116 51300 272394
20117 270015
20118 341427 351093 351094 351095 351102 351103 351104
20119 209771
20120 141003
20121 61451
20122 198902
20123 264810
20124 71303 216412 219657 341182
20125 270798 377233
20126 55551 55646 188410
20127 55407 62954 88583 112588 198252 223470 243849 261150 285294 285428 285763 285822 323535 323671 323722 334319 342026 349454 349488 354982
20128 272575
20129 232175
20130 149262
20131 357155
20132 55003 86889 120439 145191 146701 181172 186715 207528 207532 207533 207534 207535 207536 212596 288009 288805 299917 302009 302339 302340 302346 332629 358572
20133 145732 186690
20134 146673
20135 44403 49746 105295 105296 105297 105298 156746 165053 231476 290674 290682 293858 302828 302829 311758 349730 349731
20136 121215
20137 345481
20138 44587 70149 79858 86908 104249 104250 113261 114229 133234 133987 133990 133997 136026 136085 140277 140805 146240 146241 146501 148416 148426 148427 148499 148520 148521 148522 148573 148645 148646 148647 148648 148650 148653 148654 148655 148810 148870 148910 149222 149225 149268 182928 195022 204032 208169 209523 209524 209779 209807 209808 209810 209813 209814 209815 209816 216672 216673 216705 216707 220859 220934 221678 221679 221841 221866 221867 221868 221869 221870 221871 221872 221873 221874 221875 221876 221980 221981 221982 221983 221984 221985 221986 221987 232174 232175 249862 249869 249871 249873 249875 258074 258075 258076 258078 272382 276611 277693 283273 283274 288010 288054 288670 288957 299918 301623 302019 303098 303105 303106 303189 303190 303191 303192 308037 308038 308039 308040 314327 315207 344377 345454 349343 350922 351454 353651 353707 355650 356945 356951 364992 387418 392024 392033
20139 209776
20140 148504 148505 148506 148507 148890
20141 209772 209773 209774 209775
20142 209780 209817 209818
20143 349752
20144 47955 47956 47957 47960 133759 342785
20145 47462 66392 66393 74046 77354 79026 79027 79028 79029 79030 79081 79638 79651 79848 80365 80366 87247 103380 103408 103409 103410 103411 103412 103413 103414 103415 103416 103417 103418 103880 103881 103882 103883 104494 104495 104496 113151 128801 140257 140258 140265 148493 148502 148513 148589 148621 148622 148643 148644 148685 148687 148825 148842 148877 153028 154344 154348 154415 157358 176131 192136 192141 192142 192441 192458 203909 203910 203911 208706 209449 209450 209451 209452 209788 209799 209800 209801 209802 209803 209804 209805 209806 209809 209821 209822 209824 216617 216708 223507 232241 256488 284667 284668 287379 288043 288055 288056 288082 315833 344389 350924 353390 355133 356167 356782 370977 371512 371513 391949
20146 148510
20147 137899
20148 253496
20149 44484 47075 47473 47475 47476 47477 47478 47479 47480 47481 47482 47885 48135 48138 48141 48142 48143 48144 48147 48155 48159 48160 53130 57989 73661 74083 74118 77239 79613 84648 84713 86288 86443 86878 87016 90096 90568 93011 93012 94914 101209 102760 103404 103921 104388 107722 118238 120161 123284 124398 129058 137826 140225 140384 140487 140488 140489 140490 140491 140492 140805 140843 141743 143615 143670 143873 144710 144818 144851 144852 145706 145739 145778 145959 145970 146005 146012 146104 146165 146315 146400 146401 166948 167639 171306 172700 180675 181378 181410 187306 201908 201909 201910 201911 204634 216346 221192 221988 249631 249634 250495 253470 255639 276095 277347 277848 277896 278776 278794 278795 278892 279141 279188 279201 279492 279508 279655 279658 279659 281678 284717 288136 289656 289657 289791 289807 289879 291851 291933 292907 293416 293421 293423 293534 293535 293536 293537 293551 293552 293595 293735 293736 293743 294472 294611 294612 294625 294631 294636 294637 294638 294702 294703 294861 294914 295396 295483 295484 295485 297174 301258 301582 301728 301729 301730 301732 301733 301734 301737 301946 301947 302060 302071 302074 302400 302521 302922 302924 302925 302927 303284 304528 306723 306983 309930 310265 314366 316687 333395 335585 335671 339567 345093 345126 348201 348202 349780 349781 351508 355330 356543 357048 357049 357406 357613 357614 357621 357622 357779 361633 371511 375259 381803 387616 390629 391811 392053 392054 392133 392561 392715 392740
20150 302399
20151 302341
20152 170171
20153 227851
20154 61452
20155 61826
20156 328463
20157 338486
20158 130977
20159 141715
20160 290940
20161 148414 391732
20162 82895 225737 227721
20163 248110
20164 216315
20165 61453
20166 128712 128713
20167
20168 79615 111364 111365 133154 133180 136531 138908 143381 149033 163780 346647
20169 148520
20170 61454
20171 350864
20172 61455
20173 61459 61460 133439 133440 133441 133970 134245 216189 364997
20174 61456 61457 61458 61459 61460 61461 140471 250280 250663 276541
20175 61462
20176 61463
20177 148415
20178 183700
20179 120439
20180 186437 329476
20181 54811 61463 61464 61465 61466 61467 61468 61469 61470 61471 61472 61473 61474 61475 61476 61477 61478 61479 61480 61481 61482 61483 61484 61485 61487 61488 61489 61490 61491 61492 61493 61494 61495 61496 61497 61499 61500 61501 61502 61503 61504 61505 61506 61507 61508 61509 61510 61511 61512 61513 61514 61516 61517 61518 109130 109529 120972 128712 128713 138908 140717 141004 141032 141033 141034 141452 141651 141715 141724 141725 141726 141727 143336 144963 148414 148415 148416 148521 148522 148523 148524 148525 148625 149033 154394 171114 172584 175916 176138 181251 181549 183025 183701 183702 183987 184075 184076 184595 186867 191828 191895 192206 192444 192464 192470 194150 202901 213691 213736 216189 216203 216316 216509 216988 216996 220848 220955 221470 221774 227038 251029 276541 276545 276753 276754 276755 277151 279448 281595 288687 290941 290942 290943 290944 295647 295781 303858 304716 315303 315620 338250 345321 345341 353753 363818 363992 364997 388000 388008 388009 392238
20182 61519 61520 61521 70151 70687 88542 150304 150352 152773
20183 141541
20184 61522 241061
20185 186221
20186 61523
20187 255679
20188 62284
20189 304152
20190 61524 61525 61526 61527 72095 72096
20191 61528 176605 193672 251461 259638 310928 313301
20192 61529
20193 189422
20194 61530 61531 61532
20195 61533 61534 61535 61536 61537 61538 61539 61540 61541 75052 89566 89836 90688 95648 95836 95865 95913 96037 113337 121861 144964 166746 167638 176448 176745 194448 194575 194751 194752 195142 200160 213628 273705 294716 294717 295069 295270 303714 309993 372925 375499
20196 61542
20197 381715
20198 374675
20199 61543
20200 61544
20201 123579
20202 61545
20203 113529
20204 60681 61704 372844 374068
20205 61546 61547 61548 61549 61550
20206 131725
20207 61551 61552
20208 61553 61554 89553 180516
20209
20210 181780
20211 84352 138733
20212 61555
20213 228961
20214 61556
20215 61557
20216 374263
20217 122142
20218 163100
20219 248155
20220 46232 52925 53044 53067 60681 60701 60794 60820 60851 60886 60889 60890 60911 60927 60929 60954 60956 61529 61533 61556 61558 61559 61560 61561 61562 61563 61564 61565 61566 61567 61568 61569 61570 61571 61572 61573 61574 61575 61576 61577 61578 61579 61580 61581 61582 61583 61584 61585 61586 61587 61588 61589 61590 61591 61592 61593 61594 61595 61596 61597 61598 61599 61600 61601 61602 61603 61604 61605 61606 61607 61608 61609 61610 61611 61612 61613 61614 61615 61617 61618 61619 61620 61621 61622 61623 61624 61625 61626 61627 61628 61629 61630 61631 61632 61633 61634 61635 61636 61637 61638 61639 61640 61641 61642 61643 61644 61645 61646 61647 61648 61649 61650 61651 61652 61653 61654 61655 61656 61657 61658 61659 61660 61661 61662 61663 61664 61665 61666 61667 61668 61669 61670 61671 61672 61673 61674 61675 61676 61677 61678 61679 61680 61681 61682 61683 61684 61685 61686 61687 61688 61689 61690 61691 61692 61693 61694 61695 61696 61697 61698 61699 61700 61701 61702 61703 61704 61705 61706 61707 61708 61709 61710 61711 61712 61713 61714 61715 61716 61717 61718 61719 61720 61721 61722 61723 61724 61725 61726 61727 61728 61729 61730 61731 61732 61733 61734 61735 61736 61737 61738 61739 61740 61741 61742 61743 61744 61745 61746 61747 61748 61749 61750 61751 61752 61753 61754 61755 61756 61757 61758 61759 61760 61761 61762 61763 61764 61765 61766 70456 70457 70458 71540 71604 72106 72323 72442 72443 72481 73281 73386 73613 74139 75052 83845 83846 83879 84062 84132 84146 84218 84231 84241 84313 84323 84333 84351 84352 84366 84386 84576 84750 84751 84761 84813 84877 84886 84887 84888 84889 84890 85241 87411 89543 89556 89679 89752 89852 89985 90003 90184 90340 90380 90383 90395 90407 90476 90477 90560 90828 90867 90868 90935 90979 91889 91901 91902 91917 91919 91945 91965 92029 92084 92099 92113 92772 93037 94710 94918 95261 95471 95484 95488 95559 95621 95652 95662 95713 95735 95757 95758 95776 95831 95863 95869 95946 96002 96010 96038 96041 96072 96084 96112 96113 96114 96134 96244 96609 96658 96697 96736 96758 97934 98675 105858 108165 108166 108553 108731 108835 108927 109043 109778 109887 110059 110387 111370 113055 113062 113242 113489 113491 113492 113496 113499 113521 115861 115864 117417 118635 120212 120213 120223 120224 120225 122526 122598 122622 123122 123123 123124 123149 123208 123926 136587 136596 137580 137609 137747 138725 138783 138869 138990 139742 139923 139986 140158 140183 140184 141881 142172 144269 144812 144813 144814 144964 144965 144966 144967 144968 144969 145502 145611 145640 146485 146491 148178 153391 154016 154022 154034 155425 162826 162883 162884 162885 162886 162990 163013 163052 163060 163323 164748 166019 167123 167590 167592 167638 167796 167851 168854 172878 172879 173961 174259 174915 175145 175146 176717 177361 180560 180745 181781 181782 181783 182036 182037 182199 182472 182634 186212 186321 186555 186722 186774 187329 188252 188255 188698 188826 188869 188909 189553 189816 193673 194773 194809 194810 194923 195053 195094 195135 195148 195963 198862 198863 200009 200107 200155 200156 200159 200160 200161 200164 200169 200170 213503 216980 222281 222360 222568 228939 228947 228948 228968 228969 228975 228978 228993 229110 245884 247183 247569 249383 253291 253670 258841 260097 260098 260273 260274 260275 260276 260574 261143 264811 265236 267557 271679 273036 275909 276189 276293 276313 277957 278608 278627 279169 279266 279321 279337 279355 279584 281280 282474 283059 284986 284987 284988 288346 289384 289907 290011 290913 290945 290946 290947 292136 293224 293402 293554 293812 294712 295050 295092 295112 295153 295175 295176 295178 295213 295280 295284 295353 295404 295464 295466 295638 295685 295795 295796 299589 300371 300488 300535 300577 300578 300598 300608 300624 300625 302079 302157 302989 303665 304420 304694 304906 306447 306995 307080 307807 308466 308524 308525 308643 310001 310454 310610 310611 310815 310816 310995 310998 311404 311525 315309 315334 315341 317140 319108 319109 319110 319111 319112 319113 319114 319155 319160 320670 332568 332608 332653 333957 337042 337167 337171 337173 337933 338124 340968 342083 343241 343335 345390 347257 355356 355554 356253 362111 362112 363819 363820 363821 363822 363823 363824 363825 363826 363827 363828 363829 363830 363831 363832 363833 363834 363835 363836 363837 363838 363839 363840 363841 363842 363843 363844 363845 363846 363847 363848 363849 363850 363851 363852 363853 363854 363855 363856 363857 363858 363859 363860 363861 363862 363863 363864 363865 363866 363867 365139 365246 365252 365361 366313 366881 366882 366883 366902 366913 366945 366979 366986 367320 367388 367483 367809 368291 372061 372191 372851 372852 372856 372920 372921 372999 373207 373431 373448 373449 373581 373708 373768 374068 374274 374536 374553 374960 376314 381484 383143 383640 384532 384928 387539
20221 114152
20222 95786
20223 138885 194934
20224 90387
20225 245687
20226 286957
20227 61767
20228 371511
20229 255779
20230 191661
20231 191661
20232 70643
20233 122559
20234 336894
20235 61768
20236 61769
20237 61770 107701 189422 193688 194945 228169 330780
20238 61771
20239 290948
20240 188123
20241 56134 61772 282482
20242 121530 255711
20243 92802
20244 191661
20245 158894
20246 61773
20247 175711
20248 320130
20249 355591
20250 180525 276545
20251 312285
20252 55837
20253 50048 133256 133258 220926
20254 265098
20255 75734
20256 115718
20257 347379
20258 316687
20259 309286 345480
20260 250861
20261 47083 47084 63099 80437 148926 182930 207788 216847 216859 274095 285842 342414 350078 350079 351976 357776 392333
20262 209758 209759
20263 133759
20264 47156
20265 45880 50041 50045 50049 75344 99518 137848 141376 141452 166813 171567 176211 192169 203909 203910 205602 207842 207859 209449 209450 209451 209452 219105 256193 256463 256488 281285 290949 292533 302521 309286 332565 345675 355555 378075
20266 62811 168641 345676
20267 94298
20268 47344 95222 136677 172817
20269 128334
20270 232201
20271 61774
20272 44614 44733 47355 48305 51093 51324 51325 53130 61775 61776 61777 63001 66402 66498 72626 73425 75518 80483 85920 95222 96712 102349 103003 103004 103709 103964 103965 108951 110456 121796 122758 122759 141652 143665 143669 143671 143681 143873 144807 144853 144970 145715 145739 145771 145810 145852 145899 145934 145935 146002 146005 146071 146079 146095 146096 146156 146157 146208 146435 146462 146494 146495 146655 163740 163750 163755 167284 174861 182359 182543 183939 189610 194687 194690 201912 201913 201914 203911 212315 221192 228866 245983 249633 258701 281680 288136 288538 292533 293741 294181 297574 301490 301588 301655 301938 301946 302060 302071 302188 302274 302451 302663 302665 302711 302867 302924 302929 302932 306094 306311 309191 309610 309886 310669 312199 314728 315238 336315 342577 344790 347501 348867 366795 387400 389407 392055
20273 120115
20274 253496
20275 61778 61779 61780 61781 61782 61783 165888 245793 253417 290950 311770 357498
20276 146096
20277 105295 105296
20278 133879 148956 216481
20279 146001 163699
20280 61784 114927 161969 361649
20281 115655
20282 255423
20283 192697
20284 338342
20285 61785 61786
20286 106198
20287 153029 350927 356783
20288 172054
20289 61787
20290 304791
20291 271976
20292 93541
20293 258829
20294 61788 61789 61790
20295 61791
20296 89610
20297 156689
20298 184724
20299 213660
20300 349265
20301 46561 52098 61792 97220 194989 195058 195076 195077 239420 239421 251903 355103 358196 358197 388500
20302 61793
20303 292953
20304 355448
20305 307010
20306 327196 335581
20307 56249 61794 61795 61796 61797 61798 61799 61800 61801 61802 61803 61804 61805 189182 190806 386098
20308 55970
20309 61806 119773 127491 251351
20310 55934 61807 61808 61809 61810 61811 61812 61813 89204 149697 246399 322755 322765 388134
20311 70184 286455
20312 187185
20313 48763
20314 51448 51449 61814 61815 61816 84122 189373 189374 194557 215757 215758 265191 265259 265288 286672
20315 138006
20316 61817
20317 61818
20318 353350
20319 61819 61820 61821 61822 61823 61824 68007 110459 123242 139370 149485 246880 261943
20320 245476
20321 61820
20322 61825 159863
20323 139270
20324 390316
20325 258834 286507 286515 286516
20326 83416 175076 188861 229298 275716 316572 339438
20327 61826
20328 361410
20329 98447
20330 286500
20331 94999
20332 336083
20333 109396
20334 138793
20335 98337 286511 286526
20336 261142
20337 258844
20338 258833 337102 352248
20339 345252
20340 352202
20341 286509
20342 67493
20343 52693 52695 52696 54160 55455 55567 55604 55605 55671 56212 58057 60475 61827 61828 61829 61908 66745 66746 72793 81110 81135 89314 89323 89325 98337 98447 100117 100118 106976 107055 107110 118667 118944 121254 123238 123780 125466 125784 138980 140053 147506 147534 159084 159270 159271 162061 162207 173118 173122 173498 175581 178914 179239 188468 188702 188703 188740 188752 188858 188859 188860 188861 188878 188881 188886 189403 192565 192702 192732 192921 198243 198370 198418 213660 213677 229297 233567 233570 233590 233591 233592 233603 234228 234246 235837 236238 236781 236843 237085 237369 237432 238045 238298 238415 238426 238428 238429 238431 238432 238433 238434 238435 239614 239631 239640 240366 240462 240503 245629 245634 245635 245636 245637 253790 255449 258830 258842 258860 258862 258863 258864 259559 259768 260178 260733 260734 260735 260736 260739 260742 261333 261335 269601 270009 271857 271998 272636 274753 275044 275049 275050 275628 275716 275717 275718 275885 286260 286510 286513 286514 286528 313453 315274 317481 317961 325384 328012 328358 328528 328539 328636 328791 334313 334345 334550 336072 336073 336074 336112 337046 337050 337054 337056 337060 337062 337063 337212 344580 346162 347622 352202 352243 352244 352245 352246 352247 357988 359479 359565 359765 360066 384592 385496 385543 390773 390935 390936
20344 173498
20345 271999
20346 348371
20347 240970
20348 355556
20349 61830 61831 72939 127019 355556
20350 142949 198902
20351 184724
20352 70184 70288 149719 307204 355551
20353 251471
20354 302851
20355 278139
20356 391831
20357 168957 332773 374068
20358 98984 260099
20359 47863
20360 61832
20361 61833 61834 61835 61836 61837 61838 61839 61840 61841 61843 61844 61845 61846 61847 61848 61849 61850 61851 61852 61853 61855 61856 61857 61858 61859 61861 61862 61863 61864 61865 61866 61867 61868 61869 61870 61871 61872 61873 61874 61875 61876 61877 118787 118897 153681 156689 172055 188986 189344 189420 232202 342698 355914 357175
20362 61878
20363 61879 155858
20364 191661
20365 336327
20366 61880
20367 61881
20368 113203
20369 61882
20370 46503
20371 314012
20372 105020
20373 364730
20374 58659
20375 270127
20376 387182 387184
20377 192719
20378 138793
20379 251654
20380 67376 136935 174839
20381 186721
20382 61884
20383 187186
20384 61885
20385 202374 256125
20386 61886
20387 75066
20388 61887
20389 337980
20390 61888 155685
20391 61889
20392 61890 61891 127902 155759
20393 61892 61893 61894 69904 70377 70378 174589 340969 340970 341377
20394 211106 211107
20395 370271
20396 120318
20397 61895
20398 166757
20399 61896 61897 61898 61899 95744 391192 391200
20400 237540
20401 338101
20402 258834
20403 238437
20404 71556
20405 61900 61901 117509 137561 192699 245176 318940 318942 328521 339722 352109 354192
20406 192696
20407 318853 352353
20408 61902 81039 81043
20409 45772 55560 55562 55569 55618 55675 55691 55964 56320 61903 61904 61905 61906 61907 61908 61909 67047 72749 80717 80912 81044 81554 93905 106382 112740 115010 115340 118088 121697 122369 131607 132773 137305 138223 138969 139619 140096 161668 161904 162107 162208 162253 162665 166464 170655 175082 175532 175540 175547 175574 175590 178796 178866 178915 179347 188751 188752 188753 188870 188879 188880 188982 188983 189726 190008 190040 191004 192595 192604 192698 192716 192725 192734 192735 192956 192993 193041 193175 198242 212194 222789 222854 233214 233445 233472 233493 233497 233508 233510 233511 233528 233529 233530 233550 233593 233685 233695 234470 235487 235836 235888 236703 236706 236811 237295 237430 237433 238430 238436 239612 239615 239658 240480 246583 247045 249956 256917 258832 258858 258859 259086 259516 260732 260737 260738 261171 261444 265504 268677 269321 270009 274985 275047 275048 275187 275557 280362 280917 281569 283239 284433 286527 317448 317480 317894 318941 320340 324016 325253 326428 328521 328535 328627 331082 334662 334710 337051 337052 337053 337055 337057 337058 337059 337109 338772 338915 342065 342518 348008 348350 352466 353621 355108 357943 359381 359413 359560 359563 360863 360912 367543 367549 371187 377487 377494 381823 388558 388649 390774 390933 390938 390939 390940
20410 385713
20411 361125
20412 61910 61911 167175 281276 293449 294064 294067 295073 295207 303612 348454
20413 62638
20414 61912
20415 61913 61914 227821
20416 55092
20417 106487
20418 371595
20419 362136
20420
20421 196721
20422 195381
20423 87149
20424 376302
20425 61915 61916
20426 361824
20427 71429
20428 228379
20429 157571
20430 118465 260646
20431 61917
20432 61917 61918 61919 62952 175711
20433 61914 61920 61921 198580 322766
20434 251238
20435 338878
20436 131582
20437 327448
20438 364211
20439 61922
20440 61923 93731 132989 251240 267170
20441 61924
20442 61925
20443 61926 246506 361322
20444 381267
20445 376614
20446 61941
20447 86397
20448 62038
20449 61927
20450 361707
20451 61928
20452 61929 61930 67608 198297 198797 377301
20453 61931
20454 231211 231224
20455 213832
20456 86416 188856 198297 231212 231271 231487 240241 363868 363869 377481
20457 388157
20458 61932
20459 367546
20460 327435 327436
20461 195723
20462 223034
20463 61933
20464 327540
20465 225453
20466 61934
20467 223034
20468 223034
20469 173723
20470 61935
20471 321068 327455 375885
20472 67550
20473 45513 45516 45697 46345 46378 46379 46433 52184 52410 52509 52510 53615 53800 53807 53808 54963 55329 55344 55361 58317 58318 60020 60572 61921 61936 61937 61938 61939 61940 61941 61942 61943 61944 61945 61946 61947 61948 61949 61950 61951 61952 61953 61954 61955 61956 61957 61958 61959 61960 61961 61962 61963 61964 61965 61966 61967 61968 61969 61970 61971 61972 61973 61974 61975 61976 61977 61978 61979 61980 61981 61982 61983 61984 61985 61986 61987 61988 61989 61990 61991 61992 61993 61994 61995 61996 61997 61998 61999 62000 62001 62002 62003 62004 62005 62006 62007 62008 62009 62010 62011 62012 62013 62014 62015 62016 62017 62018 62019 62020 62021 62022 62023 62024 62025 62026 62027 62028 62029 62030 62031 62032 62033 62034 62035 62036 62037 62038 62039 62040 62041 62042 62043 62044 62045 62046 62047 62048 62049 62050 62051 62052 62053 62054 62055 62056 62057 62058 62059 62060 62061 62062 62063 62064 62065 62066 62067 62068 62069 62070 62071 62072 62073 62074 62075 62076 62077 62078 62079 62080 62081 62082 62083 62084 62085 62086 62087 62088 62089 62090 62091 62092 62093 62094 62095 62096 62097 62098 62099 62100 62102 62103 62104 62105 62106 62107 62108 62109 62110 62111 62112 62113 62114 62115 62116 62117 62118 62119 62120 62121 62122 62123 62124 62125 62126 62127 62128 62129 62130 62131 62132 62133 62134 62135 62136 62137 62138 62139 62140 62141 62947 62952 67012 67309 67550 67608 67755 67805 67922 67937 67990 68437 68439 68442 68569 69191 70312 70313 70374 71373 71429 71458 72559 73432 84763 85166 85185 85188 85190 86257 86321 86322 86397 86399 86400 86401 86402 86403 86405 86793 86958 87150 87352 88630 88704 88719 88793 88938 89390 98553 99456 99457 100209 100771 100834 102386 105042 105043 106565 107954 108093 109283 110276 110402 110403 110715 110868 110880 110956 110964 110983 111069 111080 111096 111103 111133 112807 115610 117021 117135 117161 117190 117530 117993 118239 118465 118480 118485 118526 118587 118588 118589 118610 118611 118617 118618 118619 121479 121609 123125 123301 123302 123899 124021 124063 124065 124069 124130 124149 124150 124158 124159 124192 124193 124194 124429 124430 124489 124494 124519 124520 124521 124522 124523 124524 124536 124841 125129 125318 125694 126805 126806 126807 126808 126809 127516 131934 132413 132989 135858 136770 136837 136883 138353 140246 142662 142886 142977 142978 143271 143273 143282 146949 147750 147799 155801 155806 155821 155859 155860 155861 155862 155863 155864 155865 155939 155948 155972 156017 156018 156056 157176 157177 157178 157179 157180 157181 157182 157183 157184 157450 157452 157458 157460 157464 157470 157471 157538 159470 161046 161077 161902 162101 162172 162189 162313 169127 169624 169800 172983 173366 173527 175605 175639 176297 177944 178303 178435 178893 180165 188205 188873 189259 189576 189973 189974 189979 189986 190006 193640 195978 195981 196452 196539 196540 196541 196542 196543 196544 196558 196594 196680 196721 196742 197463 198202 198218 198388 198389 198790 198791 201127 201573 204310 213528 213671 213708 213723 213747 213763 213764 213770 213771 213786 213787 213788 213789 213799 213800 213812 213813 213821 213837 213838 213839 213852 213855 217130 219333 220714 222323 222503 222547 223087 227951 227955 228196 228199 228216 228420 230796 231213 231214 231215 231434 231446 231447 231488 231490 231493 231499 231500 231507 231527 231530 231539 231546 231560 231565 232009 232014 233170 234399 236649 236838 237441 240242 240780 241359 242110 242149 242255 242602 243541 243866 243870 243871 243874 243875 246349 246478 246481 246538 246539 246574 249793 249798 250963 251241 251242 251402 251406 251454 251502 251525 256806 257640 258881 259717 260246 260646 261193 261194 261198 261357 261366 261406 261565 261983 262015 263083 263187 264220 264630 264723 264861 265132 265161 265216 265294 265298 265300 265304 265357 266075 268319 268429 268783 268809 268810 269060 269071 269234 269299 269300 269301 269529 269960 269966 270050 270051 270583 271786 272066 274069 274190 274365 275599 275893 277057 280034 280064 280254 280737 280785 280897 281456 284456 284541 284911 285431 285829 287312 287316 289122 312886 313542 314214 314516 314517 316345 317542 317563 318052 318916 318948 319287 319305 319417 319490 320404 320462 320463 320596 320716 320717 320718 320721 320722 320759 320760 320762 320806 320822 320824 320827 321068 321075 321094 322178 322202 322219 322246 322257 322265 322297 322298 322299 322301 322331 322334 322339 322341 322349 322354 322355 322356 322357 322358 322364 322365 322366 322367 322370 322371 322372 322373 322374 322375 322376 322377 322378 322379 322382 322383 322384 322385 322388 322389 322390 322391 322392 322393 322394 322395 322398 322399 322401 322403 322406 322450 322461 322463 322766 322767 322768 322769 322770 322771 322772 322929 323035 323056 323057 323102 323103 323163 323197 323469 323501 323549 323640 323676 323719 323797 323916 323935 324348 324353 324384 324416 324419 324420 324482 325136 325237 325653 325654 325655 325737 325788 325846 326093 326108 326122 326123 326218 327082 327095 327109 327128 327131 327135 327147 327212 327277 327278 327280 327282 327309 327313 327369 327443 327445 327482 327533 327540 327541 327659 327668 327669 333201 333423 333429 334317 334322 334344 334975 335001 335048 335473 335890 335911 335946 338507 340971 340972 340973 341338 341683 341946 341947 345830 348730 349010 350600 350991 351069 351073 351077 351584 351597 352207 352842 354482 354483 354484 354485 354486 358998 359272 360004 360010 360057 360305 360344 360506 360514 360869 361707 361824 362033 363225 363325 363870 363871 363872 363873 363874 363875 363876 363877 364100 364104 364105 364106 364107 364198 364210 364211 364213 364220 364221 364225 364238 364240 364245 364349 364350 364669 364670 364671 364734 364735 365478 365861 366007 366104 366147 366165 366565 366619 366861 367025 367258 367474 367555 367580 367666 367818 368243 368367 368368 368369 368467 369559 370796 370819 370820 370821 370879 371175 371282 371594 371596 371597 371598 375574 375823 375824 375848 375863 375864 375879 375880 375881 375882 375883 375885 375886 375893 375896 375897 376293 376302 376370 376716 376724 376725 376726 376727 376822 376830 376841 376855 377158 377174 377301 377474 377480 377482 377687 377857 378168 378326 378342 378386 378488 378838 378999 379151 379804 381330 381724 381828 381942 381944 381961 381972 384482 384708 384982 384989 385057 388157 388562 388563 388686 391517 393016
20474 261927
20475 177944
20476 231491
20477 322827
20478 62142
20479 286210
20480 98322 287752 334297 350867 377715
20481 207706
20482 227157
20483 196545
20484 388341
20485 62143
20486 62144
20487 192949 231440 325287
20488 114394
20489 302114
20490 62145
20491 120408
20492 62146
20493 157441 238318
20494 174774
20495 70151 118138 171814 320400
20496 256910 260452 261291 261327 272202 318869 357232
20497 182700
20498 59429 59430
20499 62147
20500 129841
20501 130982
20502 249439
20503 256946
20504 313265
20505 263542
20506 322930
20507 272295
20508 329367
20509 204290
20510 338789
20511 319502
20512 281502
20513 174600
20514 62155
20515 179568
20516 392938
20517 68827 233387
20518 222589
20519 328340
20520 117520
20521 318044
20522 238918
20523 71566 97324 97325 105881 105882 105883 105885 105886 105887 105944 105945 105946 105947 105948 105949 106091 111400 119708 138520 138542 139049 154325 168059 168060 190411 190412 192721 193424 198063 207473 207474 207475 207476 207477 207478 232314 233091 237962 239826 240085 240348 242345 242706 243467 243664 243667 282918 287075 287076 287077 320554 345358 350271 359404 359418 368565
20524 133044
20525 332290
20526 98412 166781 255407 308288 389494
20527 126810 126987 243077
20528 329341
20529 240065
20530 59549 259633 329372
20531 58682
20532 259105
20533 62148 62149 62150 62151 62152 143945 143946 143999 173343 235120 267357 388370
20534 174843
20535
20536 157334 253786
20537 178426
20538 258621
20539 263542
20540
20541 200372 272181
20542 262325
20543 172990 175760 189895 338517
20544 388380
20545 137850
20546 173184 233075 314213 363878
20547 114392
20548 62153
20549 82341
20550 80541 81884 81902 93989 115416 162156 190569 259610 272198 320603 329337
20551 245410
20552 140300
20553 68807
20554 179240 231539 341947
20555 163600 236229
20556 342026
20557 155577
20558 129617
20559 137850
20560 88362
20561 67822
20562 149634
20563 131105 282621 391660
20564 62155
20565 138985
20566 62155 172478 172481 316141
20567 82647 82648 261205
20568 62410 94054 144294
20569 57134
20570 119489
20571 173741
20572 252516
20573 228216
20574 69296
20575 128303
20576 241053 355009
20577 367734
20578 62156
20579 285535 336986
20580 107674
20581 282998
20582 270019
20583 62157
20584 100776
20585 246658
20586 138520
20587 389408
20588 89402
20589 358999
20590 194297
20591 147023
20592 270167
20593 349457
20594 83174
20595 287629 287630
20596 329335
20597
20598 335901 349482
20599 339442 339443
20600 371733
20601 62282
20602 59389 59390
20603 277560
20604 115299
20605
20606 142896 143087 152834
20607 261563
20608 164776
20609 192776
20610 327061
20611 44760
20612 270168
20613 147809
20614 348034
20615 132648
20616 270169
20617 318199
20618 260773
20619 94113
20620 260258
20621 327813
20622 57160 57161 67117 287597 287731 287741 287742 287743 287744 328832 355113
20623 122558
20624 346003
20625 379680
20626 174163 259676
20627 239506
20628 168915
20629 288645
20630 175429
20631 62283
20632 62284
20633 157185 157186 197093
20634 141132
20635 62285
20636 271907
20637 392914
20638 330604
20639 318155
20640 178942 234400
20641 316634
20642 255407
20643 212741 282624
20644 138968
20645 62286
20646 62287
20647 62288 62289 62290 62291 62292 62293 108554 240838 272336 274207 371057
20648 293900
20649 229060
20650 52198 62294
20651 320132
20652 112917
20653 250251
20654 132233
20655 62295 62296 62297 62298 62299 62300 114607 229060 232049 266053
20656 62301 62302 62303 62304 62305 62306 73946 107241 107579 107580 107581 107582 107595 107860 107875 119589 224596 224597 224995 225000 225001 225002 225820 225821 230334 252161 255294 255295 255319 263262 332170 337763 371191
20657 137901
20658 108951 167284 181784
20659 183988
20660 277152 356001
20661 172085
20662 62307
20663 292892
20664 62308
20665 343088
20666 47686 47687 62307 108894 109140 109141 109530 182147 183703 186868 187070 191839 191980 276756 276757 297511 343089 348459
20667 62309 62310 62311 62312 62313 85117 109142 109302 133442 172118 182929 182930 183703 186869 250275 257529 290951 290952 298274 309287 309290
20668 177630
20669 178426
20670 62314 69330 69352 70756 73943 74381 74400 74403 85215 85840 106485 107179 116976 123889 123890 126934 139349 165886 165887 177412 188410 253262 258097 261944 273879 320388 327199 340975 341503 367673 367691 367702 387083
20671 122506 190637 229221 340976
20672 89385
20673 98437
20674 62315 62316 62323 201707 201716 201717 260611
20675 260176
20676 261601
20677 261555
20678 62317
20679 45549 62318 62319 62320 62321 62322 62323 62324 62325 69948 70179 70180 70182 98437 151069 159337 166487 180256 190909 194443 251654 260176 281312 335622 340977 390543
20680 62326
20681 147088
20682 164751
20683 198902
20684 62327
20685 251623
20686 127535
20687 62328
20688 137383
20689 45764 86459 88445 112575 119686 143142 155866 177391 177392 204192 211845 223046 236963 240629 241368 241369 245433 247576 258911 285763 320306 329397 333074 351570 361196 370271
20690 109303
20691 121697
20692 96458
20693 62329 132251 132256 193560 228470 229128 271040
20694 317500
20695 62330 187746 198869 268270 308741 330262 351682 362598 364654
20696 200880
20697 62331 62332
20698 182699
20699 192767 258933 284711 284712 284713
20700 62333 62334
20701 45304 55675 62335 62336 62337 62338 62339 62340 62341 62342 62343 62344 62345 62346 62347 62348 62349 62350 62351 62352 62353 68000 69973 69998 70002 70023 70025 70030 70031 70032 70184 70404 71262 81679 88542 88543 88544 88545 97108 97176 101081 110057 147557 147598 149623 149855 158280 158664 158666 158667 158668 183113 192625 201732 206075 227725 227726 246955 247690 256941 259101 260333 260334 260864 261128 265112 266878 266879 268162 268197 271627 282741 284765 285172 285296 314211 314861 316547 316548 331870 342003 357260 362716 362815 369113 369114 369116 375379 376313 379158 379198 380528 383935 391042 391133 391134
20702 391096
20703 54850 62354 62355 62356 62357 62358 62359 62360 62361 62362 62363 62364 89002 89763 97201 124252 158789 158894 162065 193330 201844 225287 251347 259054 259812 260100 260773 260774 260873 271862 271864 273735 280884 289518 356547 362166 367646 371403 388760
20704 201847
20705 57964
20706 388630
20707 372947
20708
20709 70228
20710 62325
20711 62365
20712 45966 55684 62366 70184 70288 267277 354696
20713 318974
20714 312097
20715 143245 193019 193020 259517
20716 62367 307204
20717 62368 343150
20718 105021 340978 340979
20719 189249
20720 260101
20721 192778
20722 340384
20723 115894
20724 358390
20725 123126
20726 51747
20727 175073
20728 154130
20729 320761
20730 62375
20731 259472
20732 55684
20733 136737
20734 62376 62377 141845 241053 276201 381597
20735 216317 216318 216600
20736 191706
20737 62378 355578
20738 62379
20739 256415
20740 62380
20741 62381
20742 62382 135949 135950 257790 257821
20743 135951
20744 62383 62384 62385 62386 62387 62388 62389 62390 62391 62392 62393 62394 85154 154168 175120
20745 133420 136317 136318 317000 317001 340982 340983 340984 355557 355558 355559 355560 355561 355562
20746 250895
20747 62395
20748 62396
20749 250489 250490 250491 250492 250493 340983 340984 355557 355558 355559 355560 355561 355562
20750 62379 62397 62671 62733 62849 62869 62870 62943 76050 99346 135952 135953 168206 199850 202996 202997 213377 213378 213379 245881 286337 289959 290580 290953 290956 299541 299753 299754 299755 300199 300200 301897 304573 307016 307017 316886 317002 340875 340876 344768 346964 346965 346966 346967 346968 346969 346970 346971 347036 355563 355564 355565 355712 355713 355714 355715 355716 355717 355718 356300 356303 356338 356343 356344 356345 356844 356847 356896 356912 357109
20751 299756 355566
20752 62398
20753 62832
20754 62399
20755 156936
20756 62400 62401
20757 95229
20758 62402 62403 62832
20759 355567
20760 62404
20761 46200
20762 62405
20763 289202
20764 164556 286462 340985 344922
20765 62406
20766 316980
20767 62407 94047
20768 62408
20769 62409 62410 134596 135666 135667 135668 135669 135691 135692 135693 168587 168594 168596 168597 168620 316904 317003 348498 355568
20770 357635
20771 172425
20772 62411
20773 62412
20774 62413
20775 62413
20776 62414 62415 62416 62417
20777 92262 165046 165883 165884 165885 296048 299624 302682 302989 306428 316876 316877 316878 316879 316880 317004 317005 317006 317007 317008 342155 355184 355185
20778 62589 317009 317060
20779 62418
20780 62419
20781 154168
20782 361414
20783 94694
20784 316897
20785 62876
20786 62877 62878 62879 62880 65778 176200 189670 291835 291836 317115 326651
20787 120146 305039
20788 62881
20789 356686
20790 62882
20791 168422
20792 62883 62884
20793 275003
20794 44948
20795 172543
20796 227373
20797
20798 320364
20799 132171
20800 126913
20801 54117
20802 248675
20803 125588 387193
20804 126126 126812 196014
20805 126811
20806 62885
20807 125588
20808 240856
20809 62886 62889 189986 190560 242691 279940
20810 52563 88526
20811 233093 243813
20812 125588
20813
20814 213482
20815 348868
20816 52563 62885 82480 82481 82636 118219 125588 126126 126812 126813 126814 126815 132645 155721 178934 186056 190061 195620 195621 195694 196257 196258 228925 232541 234715 235448 237177 238095 242691 261755 269087 313176 313179 313303 318116 320364 323310 343026 349034 361250 368419
20817 128172
20818 240856
20819 53859 62886 62887 62888 62889 74469 88526 106766 128172 129150 149286 172779 190560 196465 217065 217066 219659 252568 271292 279940
20820 62890 137512
20821 55830 56148 62891 62892 62893 62894 62895 62896 62897 227404
20822 112650
20823 141961
20824 193176
20825 147341 155867 250164 250165 250166
20826 143495
20827 378208 378727
20828 124599
20829 62898 62899 62900 62901 62902 69932 182998
20830 157149
20831 240234
20832 339815
20833 71153
20834 318312
20835 340995
20836 62903 119214 212567
20837 71107 71108 71109 71110 71111 383727
20838 137371 175711
20839 67311 73170 265259
20840 138104
20841 339273
20842 44864 55549 60263 62904 62905 62906 62907 62908 62909 62910 62911 62912 62913 62914 62915 62916 62917 62918 62919 62920 62921 62923 62924 62925 62926 62927 62928 62929 62930 62931 62933 62934 62935 62936 62938 62939 62940 62941 62942 62943 62944 62945 62946 62947 62948 62949 62950 62951 62952 62953 62954 62955 62956 62957 62958 62959 62960 62961 62962 62963 62964 62965 62966 63516 63517 72555 74635 82977 95086 106526 112607 119552 121992 126905 136998 141740 154138 154326 158946 164371 172537 179581 186692 194113 202243 224680 228238 228350 229110 229467 231607 237103 237881 239749 245433 245461 246775 251243 259473 265428 267385 270525 271905 276055 278570 281020 287519 306608 309536 319498 320886 320998 322242 323550 325750 329456 340919 342890 344071 344438 344733 345022 350390 369438 375958 376930 379776 383266 388470 392364
20843 140951
20844 267704
20845 248560
20846 108025
20847 62967
20848 126816
20849 109823 186171 191867
20850 163474
20851 140672 195164
20852 249814
20853 62968
20854 47091
20855 62969 153230 290966
20856 62970
20857 97269
20858 117908
20859 63044 63069 79279 105474 113151 124354 166813 289125 309288 309601 316650 349901
20860 289557
20861 153230 287985
20862 62971
20863 167121
20864 62972 75387 75444 75769 75770 75771 75772 75773 75774 75775 75776 75777 75778 75779 75780 75781 75782 75783 75784 75785 77212 105474 133258 134263 153076 153077 166804 166810 205844 250752 272382 292534 309288 309289 310174 342687 344399 356839 356840 357776
20865 134302 134303 134304
20866 304482
20867 47091
20868 289667
20869 114517 165048 165049
20870 62973 62974 62975 62976 63113 75786 75787 75788 75789 75790 75791 75792 75793 75794 75795 79161 98157 135968 140225 140477 152967 153076 153077 153178 171115 207789 207832 227130 286158 290967 290968 302235 306522 340996 340997 356831 376233
20871 157025 163712 168656
20872 199917
20873 48925 48926 118759 144293 152930 153242 163701 163731 163740 163751 163774 163775 163776 163778 163780 163781 228814 230019 253305 284899 284900 284901 284902
20874 213639
20875 137537 194151
20876 174891
20877 62977
20878 176174
20879 289127
20880 113947 195136 209790 253257
20881 60266
20882 47067 47334 47335 47336 47337 47338 47348 47349 47362 47563 47864 47935 48012 48239 48288 48289 49691 49692 49693 54324 62978 62979 62980 62981 62982 63069 105474 109142 116998 133712 134740 136037 140029 141600 148491 148514 148526 148839 149061 149062 149063 149087 149094 149095 149096 149236 149259 153076 153077 171053 175262 183024 183898 183989 186870 186871 187070 191867 192136 199335 199336 216714 216715 249052 252243 253271 257916 257923 257924 257925 257926 290969 290970 290971 292534 298526 298527 298531 298532 298533 298534 298771 298780 298781 298782 298783 301582 307579 308047 308049 308050 308130 309291 326632 332556 340996 340997 357197 367862
20883 375257
20884 192257
20885 391870
20886 112685
20887 276634 276635
20888 62983
20889 148125
20890 189013
20891 44325 45259 45928 47576 48877 48927 48928 48929 49948 49949 49950 49972 50077 50310 50724 54548 54632 54950 60293 60294 60396 61477 61478 61885 62811 62984 62985 62986 62987 62988 62989 62990 62991 62992 62993 62994 62995 62996 62997 62998 62999 63000 63001 63002 63003 63004 63005 63006 63007 63008 63009 63010 63011 63012 63013 63014 63015 63016 63017 63018 63019 63020 63021 63022 63023 63024 63025 63026 63027 63028 63029 63030 63031 63032 63033 63034 63035 63036 63037 63038 63039 63040 63041 63042 63043 63044 63045 63046 63047 63048 63049 63050 63051 63052 63053 63054 63055 63056 63057 63058 63059 63060 63061 63062 63063 63064 63065 63066 63067 63068 63069 63070 63071 63072 63073 63074 63075 63076 63077 63078 63079 63080 63081 63082 63083 63084 63085 63086 63087 63088 63089 63090 63091 63092 66499 66500 66501 66502 66515 66516 66552 74099 75796 75797 79722 87079 87406 87496 87559 87583 99712 100007 101506 102842 103056 104291 106115 106260 107240 108002 108059 108951 109142 109711 109823 112686 113121 113947 117497 120531 121648 121796 121908 126816 129618 134068 134085 134157 134453 134529 134590 136326 136327 137950 138032 138104 138838 139315 139919 140167 140371 140390 140465 140673 140715 140724 140785 140786 140909 141005 141006 141007 141035 141036 141232 141504 141505 141577 141578 141653 142199 143682 148413 148498 148798 148943 148944 149113 151520 153230 153351 153365 153435 153436 154430 156560 156936 163729 163730 163735 163747 163750 163769 166550 167284 169503 170778 170779 170913 171073 171074 171075 171093 171214 171467 173208 173211 175729 176107 176128 176131 180525 181171 181172 182359 182413 182543 182931 183298 183343 183939 184486 184506 184528 184551 184634 184725 185137 185275 185362 186171 186872 187187 188718 189188 189189 189201 189610 191577 191578 191579 192169 192231 192279 192453 192471 192478 194075 195096 195136 200016 200344 200460 200465 202915 204218 207703 208822 209375 209648 209870 214572 215712 215713 216254 216255 216256 216257 216279 216280 216389 216601 216760 216771 216772 216773 216857 220906 220962 221436 223709 227373 229961 231943 248561 249678 250278 250279 250485 253395 253397 253398 253399 253400 253401 253405 253406 253407 253408 253409 253417 253712 256476 257651 261483 262035 262036 264103 264507 273231 274324 276545 276634 276635 276954 277093 277248 277249 277291 278024 280325 282460 286741 287947 287961 287985 288175 288313 288339 288347 288348 288349 288350 288351 288352 288353 288354 288355 288356 288357 288358 288359 288360 288361 288362 288363 288364 288365 288366 288367 288368 288369 288375 288376 288377 288378 288379 288380 288381 288382 288383 288389 288390 288688 289557 289837 290971 290972 290973 290974 290975 290976 290977 291618 291755 292534 293973 295579 295686 297174 297287 297292 297569 297570 301777 303897 304932 308130 308161 309287 309290 309291 309619 310237 314652 315398 315399 315949 316186 316701 316702 317099 319233 320887 322773 325594 331853 332379 332711 338299 340998 341166 341288 343873 345120 346831 348531 349134 355580 355581 355785 355914 357175 360760 361277 361278 363810 365721 366767 369436 370967 372008 372339 378193 378485 380434 380435 388001 388002 388008 389733 389734 389954 389955 390183 390756 391803 391819 391906 391930 391943 392205 392212 392258 392304 392320 392506 392507 392509 392562
20892 288693
20893 154321
20894 298535
20895 321067
20896 50735
20897 307580
20898 338820
20899 63093
20900 288127
20901 317189
20902 63094
20903 51725 113493 243879 392843
20904 51049
20905 63095
20906 141009
20907 301784
20908 144222 169466 181410 194085 209770 302066 302067 302068 302069 302904
20909 137825
20910 86465
20911 114774 145730 173230 243879
20912 175033
20913 75755
20914 295996
20915 338749
20916 115145 175262
20917 186212
20918 90467
20919 194085
20920 120161 252080
20921 253402
20922 86465
20923 62834 71045 145941 286479 290978 332565
20924 90467 95010 96712 106853 130428 139979 146469 167602 249191 302138 309292 309293 309934 342703 342794 348282
20925 63096
20926 140804 263699
20927 46862
20928 70915
20929 279297
20930 63097
20931 174908
20932 249481
20933 48212 50040 50761 54322 72543 140253 152573 173417 175262 216444 272382 309292 309293 332629 349905 351896 364006
20934 362292
20935 256452
20936 249482
20937 47356 47357 47358 47366 47955 47956 47957 48237 50042 66503 75358 79722 103071 103947 103948 103951 104698 130907 140391 140793 153351 167613 171116 171542 175209 187600 189209 214252 249191 261289 278888 279650 281285 286741 288135 288370 290979 290980 299076 302138 302400 309243 339555 340999 341987 350928 355461 355475 355582 355583 355584 355585 355586 355587 355588 355589 357195 392883
20938 147637
20939 112918 156691 188957 257561
20940 78817 104280
20941 48623
20942 112939
20943 63098
20944 48760
20945 141837
20946 110302
20947 301599
20948 302359
20949 293647
20950 48355
20951 171107
20952 118224
20953 49797 50113 61770 63099 63100 96576 101814 113493 115825 129021 140451 140821 152564 167602 175262 186212 198850 216963 226920 249965 250046 253381 264121 270608 272952 274089 279650 339598 341000 342794 348282 355135 356831 356869 357614 392883
20954 253271
20955 326455
20956 140451
20957 86465
20958 231714
20959 289212
20960 167602 281286 392883
20961 52710
20962 281077
20963 44587 44595 45259 45928 47061 47075 47094 47359 47475 47476 47477 47478 47479 47480 47482 48867 48868 48930 48931 48932 49337 49632 49893 50067 50068 50069 50075 50078 50094 50108 50118 50310 51050 51130 51158 51160 51161 51324 51325 52710 52919 59607 60317 60607 63002 63096 63098 63101 63102 63103 63104 63105 63106 63107 63108 63109 63110 63111 63112 66257 66504 67821 70858 74068 74115 75204 79849 80138 80238 80432 81727 88147 90723 94152 96589 97049 99473 99774 101209 102816 103443 103717 103719 103729 103966 103974 107722 110302 112685 112686 114321 114324 115803 117478 118224 120161 120327 120330 120941 125446 127351 137344 137813 137816 137826 137848 137916 138111 139979 140029 140237 140372 140375 140465 140484 140485 140821 140909 140962 141010 141176 141453 141706 141724 141743 142415 143589 143668 143682 144818 144908 144916 144970 144979 145021 145143 145345 145715 145730 145742 145827 145848 145849 145872 145883 145884 145910 145919 145936 145992 146057 146069 146074 146083 146085 146100 146137 146174 146277 146279 146280 146282 146496 146579 146656 146657 146675 147024 147527 153429 156541 156840 156936 168677 168930 170889 174675 182593 183343 191015 191017 194335 194601 198850 200478 203520 205242 209380 209754 209782 209783 209787 213917 227131 228834 229961 232049 239675 240335 240339 241991 245943 246947 252080 253216 253403 253456 253657 253712 255622 256158 257411 257651 258363 264469 264574 264881 267114 274089 274801 276884 277291 278024 278572 280760 282485 286415 286459 288526 288538 288689 288693 289519 289520 290140 290981 294945 295250 295292 295686 296362 297574 297948 299651 299652 299744 300681 301357 301359 301582 301651 301745 301760 301770 301777 301784 301947 301950 301951 301966 301969 302245 302290 302354 302373 302400 302450 302467 302468 302469 302751 302901 302908 302924 302925 302948 303127 303134 303156 303157 309620 309729 309768 310068 310477 310489 310968 311756 312109 312843 313177 314088 315238 316668 316997 325750 328524 328525 332231 332565 335068 335671 338176 341001 342086 342397 342431 342679 342703 342794 342795 345078 345120 345237 348867 350905 351496 352082 353645 355130 355146 355738 356416 356551 356945 357406 357423 357424 359812 360049 364035 364827 364925 366119 366980 367026 367161 367162 367792 371161 372602 387419 389404 391932 391967
20964 132216
20965 164901
20966 63113 289213 339556
20967 171111
20968 144815
20969 319490 320783 322400 322402 333426 375836
20970 150723 197704 197705 198068
20971 197713 360928
20972 150723 150724 197704 197705 197713 198068 263201 349563 360698 360928
20973 280035
20974 275159
20975 231791
20976
20977 56148 56251 56872 56874 56875 63114 63115 63116 63117 63118 63119 63120 63121 63122 63123 63124 63125 63126 63127 63128 63129 63130 63131 63132 63133 63134 63135 63136 63137 63138 63139 63140 63141 63142 63143 63144 63145 63146 63147 63148 63149 63150 63151 63152 63153 63154 63155 63156 63157 63158 63159 63160 63161 63162 63163 63164 63165 63166 63167 63168 63169 63170 152160 325847 341002 341003
20978 193118
20979 63171 63172 63173 63174 63175 63176 63177 63178 156459 287747 341004
20980 118667
20981 341005
20982 260793
20983 63179
20984 270767
20985 390184
20986 389449
20987 48427 53484 54638 63180 63181 63182 70564 72277 117957 133884 148070 150256 157591 170157 195204 261135 287112 309737 309738 309741 339452 345532 355590 364014 369560
20988 63183
20989 138006
20990 100007
20991 66904
20992 286765
20993 290982
20994 355591
20995 73189
20996 109124
20997 84408
20998 125433 213778 376728
20999 377340
21000 308854
