50001 106114
50002 111446
50003 228516
50004 170103
50005 336254
50006 95237
50007 197530
50008 228466
50009 195342
50010 68024
50011 349070
50012 168941
50013 112877
50014 61654
50015 131379
50016 245909
50017 203591
50018 147134
50019 57881 112878 112879 112880 112881 112882
50020 332297
50021 60438
50022 381019
50023 236341
50024 192969
50025 186060
50026 137824
50027 173900 282873
50028 71044
50029 270868
50030 108561
50031 83918
50032 186063
50033 45962
50034 196714
50035 147312
50036 75382 76738 343635
50037 44605
50038 153242
50039 112883
50040 136123
50041 208865
50042 75402 75403 205109
50043 239746
50044 157049
50045 354144
50046 158970
50047 78757 116507 384871
50048 59583 133615 133616 133620 194705 204203 204861 384876 386320
50049 134812 384875 384879
50050 75390 84465 356306
50051 166951
50052 128098
50053 44421 44621 45100 46905 47675 49643 49648 49649 52686 55815 58269 62651 64621 65505 65585 65595 65877 65883 65885 65887 65950 65975 65992 66044 66538 70242 70916 73705 73706 73707 73756 73863 75037 75391 75392 75393 75394 75395 75396 75397 75398 75399 75400 75401 75408 76264 76456 76493 76494 76495 77365 79288 79289 79303 79780 79855 80030 80187 80203 83616 89755 89884 89885 89886 89889 89890 89938 89939 89948 89950 93678 93684 94408 94597 96180 96388 99791 100290 100291 104139 105759 105760 105763 105764 105765 110369 110375 110482 110793 110834 110899 111116 111117 111145 111146 111257 111258 114814 114831 114832 114833 114835 114837 114838 114839 114845 114846 114851 114852 114853 114854 114855 114856 114857 114858 114859 114860 114867 114868 114869 114870 114871 114899 115749 116746 121643 127177 131830 133536 133619 134131 134132 134161 134162 134164 134165 134166 134810 134811 134925 135038 135039 135831 136422 136468 136935 138890 139389 140670 142254 146543 146544 146672 147434 149338 149340 149435 149437 149442 149444 149446 149447 149449 149451 149453 149455 149462 149474 149523 149691 149794 149800 149814 149978 149980 149985 149992 150024 150025 150145 150277 150363 150365 151656 151657 151658 151659 151663 151677 151883 151908 152102 152241 152832 163821 163878 163894 163895 163896 163897 163898 163902 163950 163951 163952 163958 163959 163960 163962 163963 163984 163985 164518 168976 169410 169411 173049 174828 174839 177062 177113 177349 179823 180255 180306 187516 188621 189192 189599 189804 190699 194184 194185 194186 194188 194191 194192 194193 194195 194196 194217 194253 194254 194256 194258 194261 194262 194263 194264 194268 194269 194270 194271 194272 194279 194286 194287 194314 194322 194614 194967 201696 201720 201721 201722 201723 201725 201726 201733 201817 201818 201819 201853 201857 201858 201859 201860 201861 201862 201863 201864 201865 201866 201867 201870 201871 201872 201873 201874 201876 201877 201878 201880 201881 201882 201883 201884 201885 201887 201888 201889 201890 201891 201892 201893 201896 201897 201898 201899 201900 201902 201903 201907 201934 201935 201947 201950 201952 201956 201993 203303 203304 205396 205720 205798 206064 206110 206111 206112 206113 206120 206121 206122 206123 206125 206126 206127 206130 206663 208628 208832 208834 208866 211008 211023 211136 211137 211138 211166 211167 211330 211951 212501 212502 212526 224250 245936 246052 247135 250727 250774 258795 259016 259017 260403 260756 260896 260916 260917 261029 261033 261035 261078 261079 261097 261098 261533 261534 261535 261537 261538 261605 262733 263141 263142 263943 263988 264011 264013 264014 264015 273497 273510 277971 278720 278856 282339 282349 282350 282351 282352 282353 282354 282355 282357 282359 282360 282361 282362 282364 282365 282366 282367 282386 282389 282390 282391 282392 282394 282395 282396 282397 282399 282404 282405 282406 282421 282430 282432 282533 282534 282537 282538 282539 282558 282574 284717 286342 286343 288020 288639 288641 288835 288955 289178 290682 291552 295525 296008 296602 296603 296604 299706 299744 300020 303397 305370 307083 307594 307595 307596 307841 307842 310035 311541 312117 315920 317364 317373 318871 326172 326173 329473 332539 333442 333443 333759 334328 334330 336849 336890 340738 341973 342204 342235 342345 342382 342417 342810 343191 343192 343193 343852 344239 345003 345640 347292 347297 350315 350938 351285 351287 351294 351296 351297 351298 353778 354143 354145 355766 355791 355792 355793 356070 356071 356154 356155 356307 358271 358278 358281 358293 359058 359059 360044 360471 360473 360474 360774 360818 361770 361771 361870 362634 362642 362689 362696 362697 362704 362707 362734 362747 363200 363201 363202 363203 363240 363419 364025 364027 365841 367369 367861 373604 374017 374394 374396 374402 377082 379156 379204 379341 379784 384170 384852 384869 384870 384872 384873 384874 384877 384878 384894 384917 384923 385692 385693 386234 386335 386336 390630 390744 390804
50054 211007
50055 152908
50056 148146
50057 129278
50058 45350
50059 213528
50060 125713
50061 159586
50062 122581
50063 344149
50064 159068
50065 315506
50066 318535
50067 309574
50068 275910
50069 337925 343536
50070 276061
50071 246050
50072 140436 181823 181824 181825 213376 277958 304434 304437 315507 338004 338182 345056
50073 94694
50074 239673
50075 338344
50076 122356
50077 166113
50078 122523
50079 137021
50080 112884 112885 112886 112887 112888 122153 122474 123216 123217 123277 137022 137023 166580 214199 256404
50081 342180
50082 99881
50083 366818
50084 265192
50085 232052
50086 173072
50087 112889
50088 112890
50089 222332
50090 44439
50091 75145
50092 213393
50093 112891
50094 189002
50095 112892
50096 93885
50097 173538
50098 44393
50099 271446
50100 246019 308083
50101 74855
50102 338477
50103 173561
50104 52198 127396 132233 143496 156532 251623 345003 391664
50105 62294
50106 132233
50107 172882
50108 156718
50109 44684
50110 264537
50111 326930
50112 172574
50113 112893 158566
50114 158567
50115 293729
50116 120681 167094 247104
50117 336946
50118 197509
50119 175760
50120 112894 170878
50121 338799
50122 112895
50123 62308
50124 191593
50125 67040 110759 110949
50126 52907 363247 369128 376188 378707 381116
50127 367609
50128 365749
50129 63694 63695 63696 63697 63698
50130 67687 67688
50131 50359 50597 53307 63474 63974 63975 65506 65507 66631 68156 70382 86103 110741 110742 110743 110744 110909 110910 110911 118259 118260 118261 122430 139048 139049 140190 176595 222331 247938 258763 261392 271859 271860 271862 271863 271864 276054 277386 287661 314783 318692 326172 326173 326174 326175 326176 326177 326179 331241 331586 341014 341016 341018 341081 341082 341083 341084 343660 345638 347292 348354 362672 362977 362978 363123 363136 363137 363138 363141 363200 363201 363202 363203 363208 363240 363243 363311 363312 363316 363317 363318 363319 363320 363322 363323 363324 363325 363327 363328 363329 363331 363332 363333 363955 363957 368178 368189 368197 368788 368852 370338 370367 371675 378486 379330 379553 379700
50132 363153
50133 151377
50134 247937 277385
50135 341079
50136 45349 46212
50137 52907
50138 63982
50139 45127 49002 49661 49802 50673 53535 53736 54979 61935 63506 63593 63977 63980 63983 63984 63985 63986 63987 63988 63989 63990 63993 64013 64021 64142 64467 64468 64510 65051 65056 65142 65161 65165 65642 66959 67628 67629 67838 67858 67948 68076 68077 68078 68194 68466 68467 68497 68587 71561 81057 83753 84578 85913 86997 87005 87006 87049 87050 87051 87052 87055 87056 87057 87058 87059 87592 99650 100059 105679 107974 108985 109041 109294 110160 110161 110162 110163 110468 110610 110616 110848 110849 110851 110856 110857 110861 110907 110933 110934 110970 110971 110980 111041 111074 111075 111076 111077 111078 111079 111080 111081 111082 111083 111085 111086 111087 111088 111089 111090 111091 111092 111093 111094 111106 111107 111109 111110 111111 111135 111147 111148 111163 111164 111166 111167 111168 111171 111172 111173 111174 111175 111249 111250 111279 111280 111294 111295 111296 118090 118246 118250 118251 118493 118495 118496 118498 118499 118500 118501 118505 118632 118633 120204 122110 123214 123489 123490 123689 129764 133079 136643 138844 139037 139388 139389 140021 140812 141175 141477 146539 161148 162739 166445 168214 169320 172651 172652 173873 173874 173875 175635 178234 180117 186281 191478 198297 213511 213700 213778 213846 213860 222339 222371 222406 222407 222423 222440 222493 231470 231485 231486 231557 242552 245820 246895 249387 251134 251135 258513 265249 267699 270148 270789 273005 273345 276047 278851 278857 278871 280370 285870 286497 291482 296184 296186 296187 300548 300721 300722 305888 306456 308998 310901 314981 317676 319252 319274 319275 319276 319277 319278 319279 319280 319281 319282 319284 319294 319305 319307 319310 319346 319422 319431 319437 319512 322360 326937 327958 329737 329860 329949 330055 330059 330378 330379 330380 330381 331162 331188 331908 331909 331955 331963 331987 333297 337186 337215 337217 337219 344295 344341 349304 349305 349308 351395 352302 354971 355004 358412 360210 360425 360426 360429 360431 360433 360434 360442 360578 361827 362099 362248 362249 362580 362581 362671 362678 362911 362922 362923 362924 362926 362934 362946 362954 362963 362985 363004 363032 363048 363088 363090 363091 363150 363151 363152 363219 363232 363233 363242 363244 363276 363314 363343 363935 363936 363937 363941 363946 364717 364763 364956 364961 364965 364989 365505 365584 365586 365587 365588 365589 365759 365854 365886 365887 366055 366105 366320 366459 366460 366461 366462 366463 366464 366465 366466 366467 366468 366485 366587 366593 366595 366596 367026 367030 367031 367156 367159 367245 367485 367504 367505 367506 367559 367595 367639 367641 367921 367923 367930 368198 368243 368246 368285 368286 368287 368291 368305 368403 368422 368598 368633 368719 368792 368825 368837 369071 369105 369112 369135 369141 369148 369152 369159 369162 369163 369167 369171 369174 369175 370259 370304 370366 370783 370799 370899 371179 371635 371636 371942 372138 372299 372813 373457 374007 374374 374375 374710 374836 374837 374838 374839 375899 375900 376070 376071 376072 376074 376075 376076 376077 376086 376088 376089 376117 376118 376122 376123 376124 376127 376129 376179 376189 376235 376247 376354 376371 376439 376509 376633 376728 376829 376832 376833 376892 376893 376894 376895 376901 376903 376904 376905 376906 376907 376910 376924 376951 376973 376974 377087 377198 377293 377294 377315 377316 377380 377403 377485 377506 377878 377887 377907 378032 378219 378266 378407 378429 378433 378434 378435 378436 378443 378474 378475 378546 378560 378629 378698 378810 379120 379162 379190 379191 379247 379249 379259 379267 379272 379292 379301 379329 379370 379406 379426 379559 379751 379752 379814 379817 379850 379903 379914 380001 380008 380051 380183 380186 380191 380192 380194 380416 380499 380500 380513 380840 380841 380845 380846 380853 380858 381105 381106 381180 381294 381327 381357 381532 381534 381681 381833 381834 381847 382108 382321 384322 384351 387228 387233 387234 387236 387270 387324
50140 87813
50141 192571
50142 363907
50143 198123
50144 46206
50145 370339
50146 44479 45351 46213 51997 63991 64155 68752 84755 117568 132233 137895 146543 146544 166761 175357 289111 289178 294592 326937 340609 340614 370717
50147 281316
50148 278858
50149 343537
50150 270290
50151 332127
50152 377861
50153 112890
50154 281553
50155 140070
50156 311909
50157 124549
50158 121298
50159 333758
50160 74123 382041
50161 112896
50162 144908
50163 233320
50164 315169
50165 131695
50166 373848
50167 364788
50168 174663
50169 193382
50170 52059
50171 112679
50172 269948
50173 228868
50174 226083
50175 376347
50176 339651
50177 355448
50178 46518
50179 112897
50180 216979
50181 222269
50182 120375
50183 249538
50184 112898
50185 345410
50186 249539
50187 99537
50188 335234
50189 246058
50190 337868
50191 170127
50192 249791
50193 289127
50194 49238
50195 263255
50196 112899
50197 118109
50198 316420
50199 195463
50200 212295
50201 139064
50202 377176
50203 121709
50204 337946
50205 87232
50206 338342
50207 356128
50208 112900
50209 53924
50210 149588
50211 54147 149589 189216 274576 274577
50212 70164 70382 72841 72842 112901 112902 112903 155449 155465 155477 172302 253835
50213 72843 72844
50214 57320 57321 112904 112905 112906
50215 46854
50216 112907
50217 129170
50218 112908
50219 53155 123294 129430 143823 272399
50220 147095
50221 192990
50222 167161 332630 332631
50223 336891
50224 390576
50225 120432 173707 185893 214715 254676 258132 289108
50226 56465
50227 125284
50228 161572
50229 112909
50230 74935
50231 189287
50232 147159
50233 147160
50234 147157
50235 333118
50236 333139
50237 333088
50238 245876
50239 178921
50240 140094
50241 112910 173731
50242 112911
50243 131680
50244 245677
50245 347396
50246 112912
50247 65890
50248 52060 302357
50249 160984
50250 112913
50251 100289
50252 96527
50253 127844
50254 112914
50255 99996
50256 112915
50257 382183
50258 129857
50259 192844
50260 123705
50261 299655
50262 140472 229060
50263 83573 171721
50264 71550
50265 112916
50266 341585 341586
50267 44712 347494
50268 191020 257568
50269 112917
50270 99767 264575
50271 156127
50272 76799 94053 112918 131278 156689 174880 254193 341585 341586
50273 44712 49222 49331 55397 82991 82993 82994 82995 99772 107317 112919 112920 112921 112922 125841 131283 143791 148134 152343 152585 156671 157013 163753 168551 173535 173951 174887 175334 177842 188957 189408 191016 191017 205250 228816 229060 231723 232049 246262 247096 264576 264577 264578 281761 314616 334294 338795 341424 342722 350174 383561
50274 187579
50275 96151
50276 248103
50277 213871
50278 275899
50279 314511
50280 184990 315218
50281 112923
50282 74478
50283 112924
50284 112925
50285 112926 112927
50286 143737
50287 112928
50288 336853
50289 73434
50290 308643
50291 67607
50292 273105
50293 247574
50294 355032
50295 188663
50296 245678
50297 122549
50298 345527
50299 259213
50300 70287
50301 130765
50302 362594
50303 46233
50304 189804
50305 386100
50306 330909
50307 163537
50308 112929
50309 188766
50310 335975
50311 239997
50312 94683
50313 49870
50314 131610
50315 169557 315755
50316 162686
50317 96267 277490 277491
50318 96280
50319 148371
50320 287351 287352
50321 89183 89184
50322 348663
50323 90749
50324 315406
50325 108986 108987 264812
50326 112930
50327 148922 182310 392332
50328 133879
50329 48165 276645
50330 112931 133879 182310 184197 276645 276826 276930
50331 322239 322240
50332 157879 325868 353992
50333 139267
50334 96072
50335 73873
50336 292590
50337 136753 194298
50338 200007
50339 65545
50340 112932
50341 71016
50342 258672
50343 119519
50344 112933 201273
50345 119883
50346 113348
50347 112934
50348 162938
50349 112935
50350 90892
50351 112936 213589
50352 75152
50353 75152 112937 280763
50354 45946
50355 112938
50356 112939 112940 316402
50357 258509
50358 112941
50359 113024
50360 112942
50361 88272
50362 71795
50363 71795
50364 112943
50365 112944
50366 49054 70636 71119 71795 73200 82511 82783 83750 84522 88212 90214 90377 90485 92842 99788 100163 100167 111348 112945 112946 112947 112948 112949 112950 112951 112952 118248 123875 136735 142532 146486 147036 147126 147255 147444 147450 149468 149469 149470 150273 150274 150279 150331 150347 151706 151708 151716 151798 152378 158403 165242 166707 167220 169418 185020 187387 193405 194298 194435 194452 194453 194454 194462 194521 194689 194792 200103 209345 209346 212627 212651 213601 220722 220723 225137 225274 225639 250824 250825 250826 251461 255347 255667 259100 259236 262477 262478 263055 263056 263057 264078 287572 292189 299656 300573 300718 304760 310675 314083 316464 316469 316470 326979 331125 336135 337812 343334 347962 364164 364165 364368 364841 365331 365803 365804 365805 365806 365807 365808 372348 373260 374022 376003 376298 379675 380441 386438 387380
50367 337173
50368 112953
50369 71438 90381 93691 228958
50370 168143
50371 162726 290117
50372 112954
50373 112955
50374 112970
50375 148205
50376 112956 112957 112958 112959
50377 71715 71908 85007 92354 112960 144268 144435 147036 147038 147039 295720 302314 311755 316098 386560
50378 112961
50379 115655 123684
50380 62146 73557 91889 96074 96118 110417 112957 112962 112963 112964 112965 112966 112967 112968 112969 112970 112971 112972 112973 112974 112975 112976 113020 113029 113052 113487 113530 114363 122643 138842 139929 144377 152387 162820 162970 168213 172895 174258 183442 194448 195549 200007 247406 248523 265017 265018 281267 282140 286180 289456 294197 295068 299657
50381 112977
50382 114246 114247
50383 188694
50384 95735 112978 307746
50385 73678 108979 112979 112980 112981 112982 112983 139985 139991 193366 199890 272973 272978
50386 127137 391887
50387 293846
50388 167220
50389 112984 332083
50390 112985
50391 194826
50392 112986
50393 361726
50394 112987 112988
50395 96516 373169
50396 165242 225741
50397 250797
50398 332410
50399 112989 112990 112991 112992 112993 112994 112995 112996 112997 211886 292522 292523 295065 295318 299659 364017
50400 188845
50401 277099
50402 136703
50403 141921
50404 112998 112999
50405 113000
50406 113001 113002 183023 183210 194361 277198
50407 182543 182557
50408 332554
50409 64211 64219 64229 64230 64231 64232 64233 64234 64235 64236 64237 64238 64239 64240 64337 64338 65542 65543 65669 108574 183759 246222 379930
50410 265505
50411 310490
50412 246178
50413 277100
50414 113003
50415 98162
50416 113004
50417 89879
50418 73874
50419 65568 70232 70716 70717 70718 70723 70724 70725 70729 70730 70731 70732 70733 70736 82132 82133 82134 82135 97907 97908 97909 97910 113005 113006 113007 113008 113009 113010 113011 113012 113013 113014 139970 167477 167478 167483 169417 169418 169420 169421 169422 189236 189237 191957 191958 224204 224205 225003 225004 225005 225006 225224 225225 225226 227711 246225 262649 262650 262651 263045 292091 299660 299661 365009
50420 98163 98164 169415 169416 169419
50421 113015 113016
50422 60910 146842 146913 183136
50423 225007
50424 113017 113018
50425 271679 332568
50426 275908
50427 113019
50428 60383 201273
50429 123579
50430 167573
50431 113020 113021 113022 113023 167139 253670 332684
50432 188845
50433 188845
50434 113024
50435 113025
50436 188845 387368
50437 113399
50438 113024
50439 69916 281269
50440 93719
50441 112941
50442 113026
50443 122572
50444 225274 333799
50445 108955
50446 374539
50447 113027 113349 183046
50448 167221
50449 372334
50450 113028
50451 60681
50452 366278
50453 113029
50454 326368
50455 113030
50456 113031 113032 274806
50457 113033
50458 113034 182414
50459 90187
50460 315373
50461 194491
50462 198820 279297 303741 365809
50463 114246
50464 112970
50465 306356
