36	162	163	173	175	178	183
13	106	107	108	177
2
13
4	13
4	170	172	173	180	181	186	187
4
15	101
184
4	155
13
185
153	154	211
36	162	163	173	175	178	180	181	183
4	181
13	15	101	153	154	180	211	232
15	153
159
36	162	163	173	175	178	183
232
5	36	158	162	163	173	175	178	183
36	162	163	173	175	178
36	163	173	175	178	180	181	183
2	3	36	106	107	108	158	162	163	167	168	173	175	177	178	183	185
36	107	162	163	173	175	176	178	180	181	183	185	324
167	168	177
2
2	162	163	173	175	177	178	179	182
2	106
3
3
3	184
3	4	36	106	107	108	158	170	172	176	180	181	186	187
3	4	5	13	14	15	17	36	101	106	107	108	153	154	155	156	158	160	162	163	170	172	173	174	175	176	177	178	179	180	181	183	184	185	186	187	191	202	210	218	232	324
3	173
3	4	184
3
3	5	14	17	36	106	107	108	158	160	162	163	167	168	172	173	174	175	176	177	178	179	180	181	182	183	184	185	186	187	188	189	190	202	210
4	13	15	36	101	153	154	155	173	185	202	232
4	5	36	106	107	108	158	160	162	163	170	172	173	174	175	178	183	184	210
4	160	186	187
4
4	14
4	186	187
4	36	160	162	163	173	175	178	184
4	5	14	170	172	174	184
4	5	170	174	186
4
4
4
4
5
5
5	210
5
5
13
13
13
13
14
14
14	160
15	101	154
15	101
15
15	101
156
156	218
106	107	108	153	155	158
36	106	158	162	163	173	175	178	183
36	173
106	107	162	163	173	175	178
173	185
17	177
106	107
218
174	184	187	210	218
218
160
106	107	108
187
160
162	184
163	175	178	183
36
167	168
158	162	163	167	168	173	175	177	178	183	185
36
36	106	107	108	162	163	173	175	178	183	185
106	107	108
36	162	163	173	175	178	183
108
36	106	107	108	162	173
36	106	107	108	162	163	173	175	177	178	183
176	177
106
184
155
179	180	181	182
160	210
191
36	106	107	108	162	163	173	175	178	181	183
160
324
160	174	184	210
211
173
191
36	162	173
153
155
159	324
158	177	324
107	162	163	173	175	178	180	181	183	185	324
154
101	154
172
202
186	187	210
170	174
188	189	190
36	173
101
324
159
153
153
153
154
155
155
160
158
158
158
158
160
36	162	173
162
162
162	163	175	178	183
107	163	175	178	183
163	173	178
167	168
168
168
232
170
170
172
172
36	173
36	107	173
173
173
174
174
176
176
176	324
176
176
176
177
177
177
177
177
177
177
179
180	181
180
180	181
180
181
182
36	183
183
183
183	188	189	190
184
184
184
184
184
184
184
184
184
184
184
184
184
186	187
186	218
187
106	107
106	107
108
188	189	190
188	189	190	211
188
189	190
190
191
202
202
210
211
211
232
232
232
232