2
3
8
21
24
39
46
47
62
71
74
103
117
121
133
137
138
170
173
191
230
231
266
283
289
325
333
334
335
336
337
338
339
340
341
342
343
344
345
346
347
348
350
351
352
353
354
355
356
357
358
359
360
361
362
363
364
365
366
367
368
369
370
371
372
373
374
375
376
382
385
387
388
389
402
404
406
407
413
414
421
422
430
432
436
447
448
451
452
453
455
456
457
458
460
461
463
465
473
474
475
487
489
492
493
504
507
524
529
532
535
539
541
543
545
556
557
562
564
570
574
579
581
582
585
588
591
592
593
594
595
596
597
599
600
601
602
603
607
608
609
610
611
612
617
618
619
622
623
624
627
628
629
630
631
632
633
634
635
636
637
638
639
640
641
642
643
644
645
646
647
648
649
650
651
652
653
654
655
656
657
658
659
660
661
662
663
664
665
666
667
668
669
670
671
672
673
674
675
676
677
678
679
680
681
682
683
687
690
694
695
696
720
724
725
726